fitness: 34017.68466774 ,E: 2818.322000  ,I_1: 6039.123000  ,A: 0.204000 
beta: 0.00318483  ,phi: 0.47044754  ,epsilon_i: 0.74316406 
epsilon_Y: 0.56738281  ,sigma: 0.26302814  ,gamma_1: 0.01909447 
gamma_2: 0.25920391  ,kappa: 0.30957031  ,p: 0.13198566 
alpha: 0.00371218  ,delta: 0.00001524